static uint16_t Font7x10[] = {
	0,	0,	0,	0,	0,	0,	0,	//	 
	0,	0,	0,	24448,	0,	0,	0,	//	!
	0,	0,	896,	0,	896,	0,	0,	//	"
	0,	31232,	6016,	4608,	31232,	6016,	0,	//	#
	0,	13056,	17536,	65408,	17536,	14592,	0,	//	$
	0,	4864,	3200,	14080,	18944,	12544,	0,	//	%
	0,	12288,	19200,	19584,	13056,	18432,	0,	//	&
	0,	0,	0,	896,	0,	0,	0,	//	'
	0,	0,	32256,	33024,	128,	0,	0,	//	(
	0,	0,	128,	33024,	32256,	0,	0,	//	)
	0,	0,	1280,	896,	1280,	0,	0,	//	*
	0,	2048,	2048,	15872,	2048,	2048,	0,	//	+
	0,	0,	0,	49152,	0,	0,	0,	//	,
	0,	0,	4096,	4096,	4096,	0,	0,	//	-
	0,	0,	0,	16384,	0,	0,	0,	//	.
	0,	0,	24576,	7680,	384,	0,	0,	//	/
	0,	16128,	16512,	17536,	16512,	16128,	0,	//	0
	0,	512,	256,	32640,	0,	0,	0,	//	1
	0,	17152,	24704,	20608,	18560,	18176,	0,	//	2
	0,	8448,	16512,	17536,	17536,	15104,	0,	//	3
	0,	6144,	5632,	4352,	32640,	4096,	0,	//	4
	0,	10112,	17536,	17536,	17536,	14464,	0,	//	5
	0,	16128,	17536,	17536,	17536,	14592,	0,	//	6
	0,	128,	28800,	3200,	640,	384,	0,	//	7
	0,	15104,	17536,	17536,	17536,	15104,	0,	//	8
	0,	9984,	18560,	18560,	18560,	16128,	0,	//	9
	0,	0,	0,	16896,	0,	0,	0,	//	:
	0,	0,	0,	50176,	0,	0,	0,	//	;
	0,	2048,	5120,	5120,	8704,	8704,	0,	//	<
	0,	5120,	5120,	5120,	5120,	5120,	0,	//	=
	0,	8704,	8704,	5120,	5120,	2048,	0,	//	>
	0,	256,	128,	22656,	1152,	768,	0,	//	?
	0,	16128,	16512,	19584,	19072,	3840,	0,	//	@
	0,	28672,	7936,	4224,	7936,	28672,	0,	//	A
	0,	32640,	17536,	17536,	17536,	15104,	0,	//	B
	0,	16128,	16512,	16512,	16512,	8448,	0,	//	C
	0,	32640,	16512,	16512,	8448,	7680,	0,	//	D
	0,	32640,	17536,	17536,	17536,	17536,	0,	//	E
	0,	32640,	1152,	1152,	1152,	128,	0,	//	F
	0,	16128,	16512,	18560,	18560,	14592,	0,	//	G
	0,	32640,	1024,	1024,	1024,	32640,	0,	//	H
	0,	0,	16512,	32640,	16512,	0,	0,	//	I
	0,	8192,	16384,	16384,	16384,	16256,	0,	//	J
	0,	32640,	1024,	2560,	12544,	16512,	0,	//	K
	0,	32640,	16384,	16384,	16384,	16384,	0,	//	L
	0,	32640,	768,	1024,	768,	32640,	0,	//	M
	0,	32640,	768,	3072,	12288,	32640,	0,	//	N
	0,	16128,	16512,	16512,	16512,	16128,	0,	//	O
	0,	32640,	2176,	2176,	2176,	1792,	0,	//	P
	0,	16128,	16512,	24704,	16512,	48896,	0,	//	Q
	0,	32640,	2176,	2176,	14464,	18176,	0,	//	R
	0,	8960,	17536,	17536,	18560,	12544,	0,	//	S
	0,	128,	128,	32640,	128,	128,	0,	//	T
	0,	16256,	16384,	16384,	16384,	16256,	0,	//	U
	0,	896,	7168,	24576,	7168,	896,	0,	//	V
	0,	8064,	28672,	3584,	28672,	8064,	0,	//	W
	0,	16512,	13056,	3072,	13056,	16512,	0,	//	X
	0,	384,	1536,	30720,	1536,	384,	0,	//	Y
	0,	24704,	20608,	19584,	17024,	16768,	0,	//	Z
	0,	0,	0,	65408,	128,	0,	0,	//	[
	0,	0,	384,	7680,	24576,	0,	0,	//	\
	0,	0,	128,	65408,	0,	0,	0,	//	]
	0,	1024,	768,	128,	768,	1024,	0,	//	^
	0,	0,	0,	0,	0,	0,	0,	//	_
	0,	0,	128,	256,	0,	0,	0,	//	`
	0,	13312,	18944,	18944,	10752,	31744,	0,	//	a
	0,	32640,	9216,	16896,	16896,	15360,	0,	//	b
	0,	15360,	16896,	16896,	16896,	9216,	0,	//	c
	0,	15360,	16896,	16896,	9216,	32640,	0,	//	d
	0,	15360,	18944,	18944,	18944,	11264,	0,	//	e
	0,	512,	512,	32512,	640,	640,	0,	//	f
	0,	15360,	16896,	16896,	9216,	65024,	0,	//	g
	0,	32640,	1024,	512,	512,	31744,	0,	//	h
	0,	512,	512,	32384,	0,	0,	0,	//	i
	0,	512,	512,	65152,	0,	0,	0,	//	j
	0,	32640,	2048,	5120,	8704,	16384,	0,	//	k
	0,	128,	128,	32640,	0,	0,	0,	//	l
	0,	32256,	512,	32256,	512,	31744,	0,	//	m
	0,	32256,	1024,	512,	512,	31744,	0,	//	n
	0,	15360,	16896,	16896,	16896,	15360,	0,	//	o
	0,	65024,	9216,	16896,	16896,	15360,	0,	//	p
	0,	15360,	16896,	16896,	9216,	65024,	0,	//	q
	0,	32256,	1024,	512,	512,	1024,	0,	//	r
	0,	9216,	18944,	18944,	20992,	9216,	0,	//	s
	0,	512,	16256,	16896,	16896,	0,	0,	//	t
	0,	15872,	16384,	16384,	8192,	32256,	0,	//	u
	0,	1536,	14336,	16384,	14336,	1536,	0,	//	v
	0,	7680,	28672,	3584,	28672,	7680,	0,	//	w
	0,	16896,	9216,	6144,	9216,	16896,	0,	//	x
	0,	1536,	6144,	57344,	6144,	1536,	0,	//	y
	0,	25088,	20992,	18944,	17920,	16896,	0,	//	z
	0,	0,	6144,	59264,	128,	0,	0,	//	{
	0,	0,	0,	65408,	0,	0,	0,	//	|
	0,	0,	128,	59264,	6144,	0,	0,	//	}
	0,	3072,	1024,	1024,	2048,	3072,	0,	//	~
	}