static uint16_t Font11x18[] = {
	0,	0,	0,	0,	0,	0,	0,	0,	0,	0,	0,	//	 
	0,	0,	0,	0,	939458560,	939458560,	0,	0,	0,	0,	0,	//	!
	0,	0,	0,	2031616,	2031616,	0,	2031616,	2031616,	0,	0,	0,	//	"
	0,	53477376,	1068498944,	1073676288,	58654720,	53477376,	1068498944,	1073676288,	58654720,	53477376,	0,	//	#
	0,	236716032,	507379712,	947322880,	811794432,	-65536,	818085888,	529399808,	252444672,	0,	0,	//	$
	1966080,	205455360,	102825984,	54460416,	27131904,	515899392,	1063256064,	556793856,	1058537472,	504102912,	0,	//	%
	0,	251658240,	530448384,	817823744,	820183040,	836960256,	457113600,	236847104,	1065353216,	293601280,	0,	//	&
	0,	0,	0,	0,	2031616,	2031616,	0,	0,	0,	0,	0,	//	'
	0,	0,	0,	0,	132120576,	1073479680,	1879965696,	-1073545216,	32769,	0,	0,	//	(
	0,	0,	32769,	-1073545216,	1879965696,	1073479680,	132120576,	0,	0,	0,	0,	//	)
	0,	0,	1441792,	1835008,	983040,	983040,	1835008,	1441792,	0,	0,	0,	//	*
	12582912,	12582912,	12582912,	12582912,	268173312,	268173312,	12582912,	12582912,	12582912,	12582912,	0,	//	+
	0,	0,	0,	0,	805306369,	-268435456,	0,	0,	0,	0,	0,	//	,
	0,	0,	0,	50331648,	50331648,	50331648,	50331648,	0,	0,	0,	0,	//	-
	0,	0,	0,	0,	805306368,	805306368,	0,	0,	0,	0,	0,	//	.
	0,	0,	0,	939524096,	1065353216,	133693440,	8323072,	458752,	0,	0,	0,	//	/
	0,	133693440,	536739840,	939982848,	818085888,	818085888,	939982848,	536739840,	133693440,	0,	0,	//	0
	0,	0,	1572864,	786432,	393216,	1073676288,	1073676288,	0,	0,	0,	0,	//	1
	0,	941359104,	1008599040,	906428416,	855834624,	830668800,	818348032,	813563904,	809238528,	0,	0,	//	2
	0,	202113024,	470679552,	939720704,	811794432,	811794432,	956170240,	530317312,	251658240,	0,	0,	//	3
	0,	117440512,	130023424,	116916224,	102629376,	1073676288,	1073676288,	100663296,	100663296,	0,	0,	//	4
	0,	218038272,	486473728,	943915008,	811794432,	811794432,	954400768,	532873216,	260046848,	0,	0,	//	5
	0,	133693440,	536739840,	952565760,	811794432,	811794432,	954662912,	533594112,	260833280,	0,	0,	//	6
	0,	196608,	196608,	939720704,	1065549824,	65208320,	8060928,	2031616,	458752,	0,	0,	//	7
	0,	253493248,	532545536,	818085888,	818085888,	818085888,	818348032,	532545536,	253493248,	0,	0,	//	8
	0,	209453056,	486408192,	969342976,	830668800,	830668800,	952565760,	536739840,	133693440,	0,	0,	//	9
	0,	0,	0,	0,	808452096,	808452096,	0,	0,	0,	0,	0,	//	:
	0,	0,	0,	0,	811597825,	-262144000,	0,	0,	0,	0,	0,	//	;
	0,	8388608,	29360128,	20971520,	56623104,	35651584,	103809024,	68157440,	202899456,	0,	0,	//	<
	0,	53477376,	53477376,	53477376,	53477376,	53477376,	53477376,	53477376,	53477376,	0,	0,	//	=
	0,	202899456,	68157440,	103809024,	35651584,	56623104,	20971520,	29360128,	8388608,	0,	0,	//	>
	0,	786432,	917504,	458752,	922943488,	931332096,	29556736,	15138816,	8257536,	3932160,	0,	//	?
	0,	133693440,	536739840,	940507136,	836960256,	870514688,	456327168,	66977792,	66846720,	0,	0,	//	@
	0,	939524096,	1069547520,	133955584,	54460416,	50528256,	54460416,	133955584,	1069547520,	939524096,	0,	//	A
	0,	1073676288,	1073676288,	818085888,	818085888,	818085888,	972947456,	524025856,	234881024,	0,	0,	//	B
	0,	133693440,	536739840,	939982848,	805502976,	805502976,	805502976,	470679552,	202113024,	0,	0,	//	C
	0,	1073676288,	1073676288,	805502976,	805502976,	805502976,	470679552,	268304384,	66584576,	0,	0,	//	D
	0,	1073676288,	1073676288,	818085888,	818085888,	818085888,	818085888,	818085888,	805502976,	0,	0,	//	E
	0,	1073676288,	1073676288,	12779520,	12779520,	12779520,	12779520,	12779520,	196608,	0,	0,	//	F
	0,	133693440,	536739840,	939982848,	805502976,	805502976,	830668800,	529399808,	529268736,	0,	0,	//	G
	0,	1073676288,	1073676288,	12582912,	12582912,	12582912,	12582912,	1073676288,	1073676288,	0,	0,	//	H
	0,	0,	805502976,	805502976,	1073676288,	1073676288,	805502976,	805502976,	0,	0,	0,	//	I
	0,	234881024,	503316480,	939524096,	805306368,	805306368,	939524096,	536805376,	268369920,	0,	0,	//	J
	0,	1073676288,	1073676288,	12582912,	14680064,	62390272,	119275520,	470155264,	939720704,	536936448,	0,	//	K
	0,	1073676288,	1073676288,	805306368,	805306368,	805306368,	805306368,	805306368,	805306368,	0,	0,	//	L
	0,	1073676288,	1073676288,	983040,	8126464,	12582912,	8126464,	458752,	1073676288,	1073676288,	0,	//	M
	0,	1073676288,	1073676288,	2031616,	16515072,	266338304,	1040187392,	1073676288,	1073676288,	0,	0,	//	N
	0,	133693440,	536739840,	939982848,	805502976,	805502976,	939982848,	536739840,	133693440,	0,	0,	//	O
	0,	1073676288,	1073676288,	25362432,	25362432,	25362432,	29818880,	16646144,	8126464,	0,	0,	//	P
	0,	133693440,	536739840,	939982848,	805502976,	906166272,	1007091712,	536739840,	402128896,	536870912,	0,	//	Q
	0,	1073676288,	1073676288,	12779520,	12779520,	29556736,	132579328,	511574016,	943456256,	536870912,	0,	//	R
	0,	100663296,	507248640,	947781632,	811794432,	818085888,	834863104,	529399808,	252444672,	0,	0,	//	S
	196608,	196608,	196608,	196608,	1073676288,	1073676288,	196608,	196608,	196608,	196608,	0,	//	T
	0,	268369920,	536805376,	939524096,	805306368,	805306368,	939524096,	536805376,	268369920,	0,	0,	//	U
	0,	458752,	4128768,	66584576,	532676608,	1006632960,	532676608,	66584576,	4128768,	458752,	0,	//	V
	4128768,	1073676288,	939524096,	251658240,	31457280,	31457280,	251658240,	939524096,	1073676288,	4128768,	0,	//	W
	536936448,	939982848,	471728128,	255328256,	133169152,	65011712,	121110528,	505151488,	939982848,	536936448,	0,	//	X
	65536,	458752,	1966080,	7864320,	1071644672,	1071644672,	7864320,	1966080,	458752,	65536,	0,	//	Y
	0,	939524096,	1006829568,	922943488,	868417536,	820183040,	809172992,	807337984,	805765120,	0,	0,	//	Z
	0,	0,	0,	0,	-32767,	-32767,	-2147385343,	-2147385343,	0,	0,	0,	//	[
	0,	0,	0,	458752,	8323072,	133693440,	1065353216,	939524096,	0,	0,	0,	//	\
	0,	0,	0,	-2147385343,	-2147385343,	-32767,	-32767,	0,	0,	0,	0,	//	]
	0,	12582912,	15728640,	3932160,	458752,	458752,	3932160,	15728640,	12582912,	0,	0,	//	^
	-2147483648,	-2147483648,	-2147483648,	-2147483648,	-2147483648,	-2147483648,	-2147483648,	-2147483648,	-2147483648,	-2147483648,	-2147483648,	//	_
	0,	0,	65536,	196608,	458752,	262144,	0,	0,	0,	0,	0,	//	`
	0,	473956352,	1046478848,	858783744,	858783744,	321912832,	456130560,	535822336,	1071644672,	536870912,	0,	//	a
	0,	1073676288,	1073676288,	408944640,	808452096,	808452096,	946864128,	534773760,	264241152,	0,	0,	//	b
	0,	264241152,	534773760,	946864128,	808452096,	808452096,	946864128,	484442112,	213909504,	0,	0,	//	c
	0,	264241152,	534773760,	946864128,	808452096,	808452096,	408944640,	1073676288,	1073676288,	0,	0,	//	d
	0,	264241152,	534773760,	997195776,	858783744,	858783744,	862978048,	467664896,	192937984,	0,	0,	//	e
	0,	3145728,	3145728,	3145728,	1073610752,	1073676288,	3342336,	3342336,	3342336,	196608,	0,	//	f
	0,	-941621248,	-806354943,	-1674051583,	-1743257599,	-1743257599,	-869269503,	-524288,	2146959360,	0,	0,	//	g
	0,	1073676288,	1073676288,	6291456,	3145728,	3145728,	3145728,	1072693248,	1071644672,	0,	0,	//	h
	0,	0,	3145728,	3145728,	3145728,	1072889856,	1072889856,	0,	0,	0,	0,	//	i
	0,	-1073741824,	-2145910783,	-2145910783,	-2145910783,	-425983,	-425984,	0,	0,	0,	0,	//	j
	0,	1073676288,	1073676288,	50331648,	25165824,	62914560,	241172480,	472907776,	806354944,	536870912,	0,	//	k
	0,	0,	196608,	196608,	196608,	1073676288,	1073676288,	0,	0,	0,	0,	//	l
	1072693248,	1072693248,	2097152,	3145728,	1072693248,	1072693248,	6291456,	3145728,	1072693248,	1071644672,	0,	//	m
	0,	1072693248,	1072693248,	6291456,	3145728,	3145728,	3145728,	1072693248,	1071644672,	0,	0,	//	n
	0,	264241152,	534773760,	946864128,	808452096,	808452096,	946864128,	534773760,	264241152,	0,	0,	//	o
	0,	-524287,	-524287,	204472320,	404226048,	404226048,	473432064,	267386880,	132120576,	0,	0,	//	p
	0,	132120576,	267386880,	473432064,	404226048,	404226048,	204472320,	-524287,	-524287,	0,	0,	//	q
	0,	1048576,	1072693248,	1071644672,	6291456,	3145728,	3145728,	7340032,	2097152,	0,	0,	//	r
	0,	432013312,	467664896,	858783744,	858783744,	858783744,	858783744,	526385152,	241172480,	0,	0,	//	s
	0,	3145728,	3145728,	536608768,	1073610752,	808452096,	808452096,	808452096,	805306368,	0,	0,	//	t
	0,	535822336,	1072693248,	805306368,	805306368,	805306368,	402653184,	1072693248,	1072693248,	0,	0,	//	u
	0,	1048576,	15728640,	132120576,	520093696,	939524096,	1056964608,	132120576,	15728640,	1048576,	0,	//	v
	7340032,	267386880,	1006632960,	267386880,	7340032,	267386880,	1006632960,	267386880,	7340032,	0,	0,	//	w
	0,	537919488,	946864128,	484442112,	125829120,	125829120,	484442112,	946864128,	537919488,	0,	0,	//	x
	0,	-2145910783,	-2131230719,	-941621247,	-16777216,	-134217728,	1069547520,	133693440,	3670016,	0,	0,	//	y
	0,	808452096,	942669824,	1009778688,	909115392,	858783744,	833617920,	821035008,	812646400,	808452096,	0,	//	z
	0,	0,	0,	25165824,	62914560,	-65536,	-25198591,	-2147385343,	-2147385343,	0,	0,	//	{
	0,	0,	0,	0,	0,	-32767,	-32767,	0,	0,	0,	0,	//	|
	0,	0,	-2147385343,	-2147385343,	-25198591,	-65536,	62914560,	25165824,	0,	0,	0,	//	}
	0,	25165824,	12582912,	12582912,	12582912,	25165824,	25165824,	25165824,	12582912,	0,	0,	//	~
	}